Datetime,Water Level (m)
2026-09-20 06:00:00,0.2639012
2026-09-20 07:00:00,0.15461157
2026-09-20 08:00:00,0.060444154
2026-09-20 09:00:00,-0.005938805
2026-09-20 10:00:00,-0.013711521
2026-09-20 11:00:00,0.07943884
2026-09-20 12:00:00,0.24833278
2026-09-20 13:00:00,0.40619016
2026-09-20 14:00:00,0.5054263
2026-09-20 15:00:00,0.5159043
2026-09-20 16:00:00,0.4317919
2026-09-20 17:00:00,0.3033051
2026-09-20 18:00:00,0.1894448
2026-09-20 19:00:00,0.095467
2026-09-20 20:00:00,0.012591846
2026-09-20 21:00:00,-0.04259869
2026-09-20 22:00:00,-0.041204557
2026-09-20 23:00:00,0.053248417
2026-09-21 00:00:00,0.2310502
2026-09-21 01:00:00,0.43848696
2026-09-21 02:00:00,0.62908053
2026-09-21 03:00:00,0.7575019
2026-09-21 04:00:00,0.80496997
2026-09-21 05:00:00,0.7649614
2026-09-21 06:00:00,0.63792586
2026-09-21 07:00:00,0.4675436
2026-09-21 08:00:00,0.30790037
2026-09-21 09:00:00,0.1788252
2026-09-21 10:00:00,0.08217526
2026-09-21 11:00:00,0.024037113
2026-09-21 12:00:00,0.045470852
2026-09-21 13:00:00,0.22344781
2026-09-21 14:00:00,0.47199816
2026-09-21 15:00:00,0.67720556
2026-09-21 16:00:00,0.79863024
2026-09-21 17:00:00,0.8248936
2026-09-21 18:00:00,0.7411561
2026-09-21 19:00:00,0.56095326
2026-09-21 20:00:00,0.37185267
2026-09-21 21:00:00,0.2157992
2026-09-21 22:00:00,0.09764739
2026-09-21 23:00:00,0.026070515
2026-09-22 00:00:00,0.056794714
2026-09-22 01:00:00,0.29707563
2026-09-22 02:00:00,0.6212445
2026-09-22 03:00:00,0.9167873
2026-09-22 04:00:00,1.1254435
2026-09-22 05:00:00,1.228684
2026-09-22 06:00:00,1.1989766
2026-09-22 07:00:00,1.0153933
2026-09-22 08:00:00,0.77763224
2026-09-22 09:00:00,0.57621974
2026-09-22 10:00:00,0.40686366
2026-09-22 11:00:00,0.26968244
2026-09-22 12:00:00,0.17185551
2026-09-22 13:00:00,0.15239292
2026-09-22 14:00:00,0.37530082
2026-09-22 15:00:00,0.7296976
2026-09-22 16:00:00,1.0260901
2026-09-22 17:00:00,1.2046641
2026-09-22 18:00:00,1.2259421
2026-09-22 19:00:00,1.0768422
2026-09-22 20:00:00,0.84711266
2026-09-22 21:00:00,0.6452621
2026-09-22 22:00:00,0.48256367
2026-09-22 23:00:00,0.3538994
2026-09-23 00:00:00,0.2670486
2026-09-23 01:00:00,0.2729478
2026-09-23 02:00:00,0.5392327
2026-09-23 03:00:00,0.96992075
2026-09-23 04:00:00,1.3680209
2026-09-23 05:00:00,1.5946758
2026-09-23 06:00:00,1.6792268
2026-09-23 07:00:00,1.6077651
2026-09-23 08:00:00,1.3857273
2026-09-23 09:00:00,1.1247865
2026-09-23 10:00:00,0.8911906
2026-09-23 11:00:00,0.6802361
2026-09-23 12:00:00,0.4989559
2026-09-23 13:00:00,0.36467996
2026-09-23 14:00:00,0.3558467
2026-09-23 15:00:00,0.7132959
2026-09-23 16:00:00,1.1861097
2026-09-23 17:00:00,1.5453358
2026-09-23 18:00:00,1.6928018
2026-09-23 19:00:00,1.6274483
2026-09-23 20:00:00,1.3742794
2026-09-23 21:00:00,1.1145158
2026-09-23 22:00:00,0.9114389
2026-09-23 23:00:00,0.72882015
2026-09-24 00:00:00,0.56465816
2026-09-24 01:00:00,0.44747913
2026-09-24 02:00:00,0.54593027
2026-09-24 03:00:00,1.0290712
2026-09-24 04:00:00,1.5347339
2026-09-24 05:00:00,1.8634928
2026-09-24 06:00:00,2.0305166
2026-09-24 07:00:00,2.0373094
2026-09-24 08:00:00,1.8532183
2026-09-24 09:00:00,1.5545301
2026-09-24 10:00:00,1.2677618
2026-09-24 11:00:00,1.0316187
2026-09-24 12:00:00,0.83765024
2026-09-24 13:00:00,0.6829402
2026-09-24 14:00:00,0.60185516
2026-09-24 15:00:00,0.8038338
2026-09-24 16:00:00,1.3276607
2026-09-24 17:00:00,1.7575759
2026-09-24 18:00:00,2.0124955
2026-09-24 19:00:00,2.0811327
2026-09-24 20:00:00,1.9151906
2026-09-24 21:00:00,1.5960552
2026-09-24 22:00:00,1.281234
2026-09-24 23:00:00,1.0348916
2026-09-25 00:00:00,0.82739896
2026-09-25 01:00:00,0.6689555
2026-09-25 02:00:00,0.57902855
2026-09-25 03:00:00,0.75502974
2026-09-25 04:00:00,1.30551
2026-09-25 05:00:00,1.79036
2026-09-25 06:00:00,2.108797
2026-09-25 07:00:00,2.0759022
2026-09-25 08:00:00,1.9868538
2026-09-25 09:00:00,1.7529818
2026-09-25 10:00:00,1.4230443
2026-09-25 11:00:00,1.1277479
2026-09-25 12:00:00,0.90202457
2026-09-25 13:00:00,0.7038766
2026-09-25 14:00:00,0.5509857
2026-09-25 15:00:00,0.5203157
2026-09-25 16:00:00,0.9570491
2026-09-25 17:00:00,1.5203704
2026-09-25 18:00:00,1.8969196
2026-09-25 19:00:00,2.0998783
2026-09-25 20:00:00,1.9683251
2026-09-25 21:00:00,1.7341158
2026-09-25 22:00:00,1.3834475
2026-09-25 23:00:00,1.081602
2026-09-26 00:00:00,0.83962655
2026-09-26 01:00:00,0.63663715
2026-09-26 02:00:00,0.4683518
2026-09-26 03:00:00,0.3604062
2026-09-26 04:00:00,0.6321402
2026-09-26 05:00:00,1.2620281
2026-09-26 06:00:00,1.7490661
